910
229 550
827 794
172 286
476 339
383 401
8 3
81 4
194 344
700 103
71 114
657 491
370 901
28 95
627 281
10 140
294 7
732 729
506 144
142 862
772 470
706 576
833 119
49 779
326 802
12 645
180 200
158 49
664 834
472 24
620 133
638 526
557 61
603 387
56 150
8 13
3 290
296 203
28 47
2 37
391 624
411 367
180 87
418 15
54 374
686 191
212 100
228 60
377 57
400 362
318 457
728 617
152 565
646 253
115 207
741 538
881 626
67 131
154 672
360 147
7 85
81 382
658 36
478 163
99 608
247 426
52 727
554 805
638 870
110 198
30 359
49 800
365 256
196 250
154 143
99 62
40 782
270 747
190 789
520 25
704 691
13 549
442 830
197 433
333 104
473 16
55 257
219 776
61 623
888 667
367 417
39 151
543 330
819 815
136 49
4 11
356 78
230 534
321 116
310 320
209 196
137 107
102 372
341 529
903 672
583 126
632 777
338 456
306 116
172 52
141 164
461 202
508 378
66 41
653 859
496 822
613 245
408 40
1 3
30 100
354 8
93 546
314 801
9 82
69 317
883 18
509 908
256 215
878 171
157 392
5 123
876 713
406 307
763 525
42 186
139 651
16 53
13 396
124 519
155 148
479 889
585 860
118 699
440 307
748 885
702 549
59 69
295 138
452 265
575 799
783 552
470 602
322 697
64 112
51 768
229 116
4 460
184 135
33 36
681 254
163 631
328 218
692 348
121 1
36 190
369 77
221 609
109 54
40 353
241 302
258 169
85 111
402 571
119 203
166 173
141 9
218 74
128 240
361 231
441 94
238 593
647 470
882 878
530 55
718 537
37 60
11 12
367 182
584 85
275 140
751 565
433 446
174 106
45 42
740 611
194 262
619 519
201 265
347 604
107 304
692 737
287 208
887 594
18 659
528 118
220 65
104 144
110 77
308 102
346 483
492 358
365 849
340 721
707 305
50 2
119 650
61 215
629 381
49 44
879 606
910 749
522 115
255 39
342 119
89 497
249 185
616 407
101 59
9 221
269 209
85 252
312 731
135 100
173 780
9 18
252 276
812 854
115 242
207 845
808 558
64 644
235 339
51 52
193 318
107 413
23 104
19 24
43 226
569 567
235 190
163 98
325 83
390 287
368 480
70 102
736 210
264 6
60 122
289 137
278 217
341 380
274 197
622 140
478 634
714 239
841 441
336 387
245 733
291 864
331 7
160 856
32 16
355 637
67 6
773 449
305 329
213 63
20 139
338 471
754 588
470 239
618 536
701 588
263 444
560 752
41 442
207 595
423 905
682 307
319 301
422 132
165 78
132 25
389 266
581 265
225 24
894 874
869 8
407 29
160 403
30 18
509 762
7 5
96 263
632 246
68 219
202 630
696 6
13 41
216 847
880 347
74 148
400 491
323 65
715 532
770 317
415 358
264 371
851 95
55 47
309 308
349 128
305 207
455 34
633 274
807 563
57 68
749 512
207 222
566 240
50 790
542 663
598 429
142 87
93 60
64 60
438 671
16 8
745 748
536 304
866 278
386 42
138 515
74 230
114 541
343 669
28 25
31 129
110 832
552 607
156 677
224 812
63 684
226 348
162 179
65 119
143 157
73 96
117 84
585 122
103 63
120 612
206 22
44 435
563 225
63 194
778 635
33 34
282 183
539 838
247 118
485 91
241 281
564 200
338 206
710 213
809 247
652 485
526 59
532 138
341 161
56 254
170 149
355 196
23 469
434 416
863 621
558 355
18 575
107 105
758 174
486 726
414 68
141 811
635 152
458 432
244 568
298 247
419 164
40 865
381 258
521 392
4 115
330 771
853 891
58 181
892 273
27 21
557 797
268 140
368 23
703 349
108 717
25 678
366 621
444 688
26 574
625 407
689 347
143 30
479 178
9 5
712 494
215 576
270 268
334 384
451 127
612 742
307 162
94 76
152 897
51 62
823 707
785 725
458 904
395 1
57 71
867 392
291 605
35 61
227 484
324 63
385 113
58 13
759 852
540 502
392 510
750 477
871 36
751 848
462 548
31 30
95 98
165 656
271 70
398 561
577 366
662 745
13 20
30 284
9 21
116 537
117 197
509 674
284 875
418 826
794 696
192 765
646 661
15 2
140 183
66 459
86 312
755 7
121 518
690 405
493 381
260 57
266 462
405 380
494 193
151 837
425 255
597 446
54 77
364 306
792 15
4 2
743 858
529 695
572 174
97 487
713 404
409 853
709 672
428 229
512 88
376 218
356 481
502 167
248 233
698 630
227 582
70 59
216 42
99 322
8 89
196 80
315 236
93 514
205 14
610 487
899 789
247 273
626 309
22 272
95 169
648 544
108 24
877 695
544 100
204 90
259 423
443 230
176 297
21 25
24 886
898 389
507 796
549 719
130 693
97 734
431 560
341 724
674 907
170 846
86 128
168 45
649 815
729 764
795 685
382 628
6 314
97 79
89 261
113 482
301 172
216 326
536 614
810 189
39 23
449 290
463 444
884 439
14 76
251 95
562 9
25 88
189 139
289 486
611 256
456 654
474 438
538 467
486 893
606 6
59 176
202 246
343 283
202 152
106 211
412 36
357 25
687 568
228 429
113 51
29 152
15 79
730 274
4 44
855 321
715 729
83 87
347 116
677 757
775 613
283 194
192 34
587 60
804 695
601 562
40 28
590 85
319 504
301 436
820 168
393 289
329 524
897 909
366 168
238 3
826 902
313 251
398 409
594 52
193 94
195 57
666 635
147 131
293 257
188 133
182 125
125 106
509 366
5 3
680 148
219 662
48 138
66 86
547 480
15 234
8 14
26 21
26 56
828 744
816 430
391 527
246 685
65 52
527 798
17 91
578 309
296 490
481 824
42 25
202 345
380 551
116 746
413 753
227 743
639 320
214 667
784 323
722 613
410 223
185 146
321 495
66 75
592 463
593 840
843 801
291 39
817 122
273 335
266 311
793 201
567 432
681 806
644 821
424 259
280 99
299 88
199 52
868 220
10 134
163 177
258 427
872 433
466 363
906 313
10 5
467 314
40 781
166 114
164 358
116 21
720 238
200 900
766 697
20 370
351 265
279 556
486 599
88 156
346 76
314 431
465 202
330 203
207 517
397 101
167 445
456 579
73 60
38 23
573 483
660 509
255 303
266 112
432 8
372 439
363 83
54 18
559 282
388 148
40 59
523 122
102 105
187 148
393 655
35 126
7 22
140 146
5 332
336 271
643 484
446 670
831 602
874 394
112 267
186 890
570 835
113 786
416 125
373 338
150 178
14 78
23 35
320 398
769 473
45 48
543 649
895 29
236 80
406 555
305 788
348 636
233 93
17 589
65 379
74 65
143 237
48 352
244 192
401 447
124 133
174 232
448 446
316 450
143 162
216 421
350 93
430 498
33 23
334 153
378 340
140 665
224 73
694 359
171 116
253 203
76 84
23 391
580 228
63 525
68 241
170 653
288 814
691 630
756 471
533 78
738 274
505 46
454 209
647 839
175 8
507 15
90 88
51 288
614 711
285 270
160 148
268 383
725 577
437 813
32 118
430 423
2 394
218 464
274 375
615 423
154 210
263 292
246 675
353 850
227 259
295 531
300 184
86 201
325 553
705 113
539 419
84 153
2 1
19 4
664 347
113 829
44 51
23 43
59 683
49 500
77 223
106 23
347 591
526 552
40 57
6 5
277 114
132 774
650 708
173 214
668 543
115 723
580 818
243 588
208 174
336 337
101 327
328 836
586 525
16 17
121 167
46 9
545 596
744 232
308 739
516 177
404 204
803 365
761 617
69 243
17 676
442 501
665 679
131 239
58 92
146 191
258 641
844 181
293 511
861 313
475 250
385 760
29 80
43 873
571 716
94 227
570 256
